root note randomized
chord count randomized
[C Major (V), A Minor (iii), G Minor (ii), D Minor (vi), A Minor (iii), A# Major (IV), A Minor (iii), G Minor (ii), G Minor (ii)]
C Major (V)
G [0, 2, 5, 7, 9, 10, 12, 14, 17, 19, 21, 22]
D [0, 2, 3, 5, 7, 10, 12, 14, 15, 17, 19, 22]
A [0, 3, 5, 7, 8, 10, 12, 15, 17, 19, 20, 22]
E [0, 1, 3, 5, 8, 10, 12, 13, 15, 17, 20, 22]

A Minor (iii)
G [2, 4, 5, 7, 9, 10, 14, 16, 17, 19, 21, 22]
D [0, 2, 3, 7, 9, 10, 12, 14, 15, 19, 21, 22]
A [0, 2, 3, 5, 7, 8, 12, 14, 15, 17, 19, 20]
E [0, 1, 5, 7, 8, 10, 12, 13, 17, 19, 20, 22]

G Minor (ii)
G [0, 2, 3, 5, 7, 8, 12, 14, 15, 17, 19, 20]
D [0, 1, 5, 7, 8, 10, 12, 13, 17, 19, 20, 22]
A [0, 1, 3, 5, 6, 10, 12, 13, 15, 17, 18, 22]
E [3, 5, 6, 8, 10, 11, 15, 17, 18, 20, 22, 23]

D Minor (vi)
G [0, 2, 3, 7, 9, 10, 12, 14, 15, 19, 21, 22]
D [0, 2, 3, 5, 7, 8, 12, 14, 15, 17, 19, 20]
A [0, 1, 5, 7, 8, 10, 12, 13, 17, 19, 20, 22]
E [0, 1, 3, 5, 6, 10, 12, 13, 15, 17, 18, 22]

A Minor (iii)
G [2, 4, 5, 7, 9, 10, 14, 16, 17, 19, 21, 22]
D [0, 2, 3, 7, 9, 10, 12, 14, 15, 19, 21, 22]
A [0, 2, 3, 5, 7, 8, 12, 14, 15, 17, 19, 20]
E [0, 1, 5, 7, 8, 10, 12, 13, 17, 19, 20, 22]

A# Major (IV)
G [2, 4, 6, 7, 9, 11, 14, 16, 18, 19, 21, 23]
D [0, 2, 4, 7, 9, 11, 12, 14, 16, 19, 21, 23]
A [0, 2, 4, 5, 7, 9, 12, 14, 16, 17, 19, 21]
E [0, 2, 5, 7, 9, 10, 12, 14, 17, 19, 21, 22]

A Minor (iii)
G [2, 4, 5, 7, 9, 10, 14, 16, 17, 19, 21, 22]
D [0, 2, 3, 7, 9, 10, 12, 14, 15, 19, 21, 22]
A [0, 2, 3, 5, 7, 8, 12, 14, 15, 17, 19, 20]
E [0, 1, 5, 7, 8, 10, 12, 13, 17, 19, 20, 22]

G Minor (ii)
G [0, 2, 3, 5, 7, 8, 12, 14, 15, 17, 19, 20]
D [0, 1, 5, 7, 8, 10, 12, 13, 17, 19, 20, 22]
A [0, 1, 3, 5, 6, 10, 12, 13, 15, 17, 18, 22]
E [3, 5, 6, 8, 10, 11, 15, 17, 18, 20, 22, 23]

G Minor (ii)
G [0, 2, 3, 5, 7, 8, 12, 14, 15, 17, 19, 20]
D [0, 1, 5, 7, 8, 10, 12, 13, 17, 19, 20, 22]
A [0, 1, 3, 5, 6, 10, 12, 13, 15, 17, 18, 22]
E [3, 5, 6, 8, 10, 11, 15, 17, 18, 20, 22, 23]

